[simulation]
jd = 2459921.01
dt = 0.1
qtarget = [1.0, 0.0, 0.0, 0.0]  # Quaternion as a list of coefficients
wtarget = [0.0, 0.0, 0.0]
w = [0.0, 0.0, 0.0]
inertia_matrix = [[0.228128, 0.000147, 0.024513], [0.000147, 0.248027, -0.000086], [0.024513, -0.000086, 0.091558]]

[controller]
Kp = 0.2
Kd = 1.0

[gravity]
model = "EGM2008"
n_max_dP = 1

[orbit]
semi_major_axis = 522863.7
eccentricity = 0.01
inclination = 98.0
RAAN = 306.615
argument_of_perigee = 314.19
mean_anomaly = 99.89

[disturbances]
rmd = [-0.1235, 0.2469, -0.2273]

[actuators]
msaturation = 0.66
